10

 C                 -2.58169900    1.20915000    0.00000000
 H                 -2.22502700    1.71354800    0.87365200
 H                 -2.11502500    1.86911100   -1.14309500
 H                 -3.65169900    1.20916300    0.00000000
 C                 -2.06838400   -0.24278200    0.00000000
 H                 -0.99838400   -0.24279400   -0.00000300
 H                 -2.42505800   -0.74718100   -0.87365000
 Cl                -2.83506000   -1.32700100    1.87794500
 O                 -2.06854800    2.77698800   -1.74314700
 H                 -2.88003700    3.36696200   -1.69298400

