X1234567890XX
  14 1

 N            7.0   -0.4951   -1.2371  -1.0004   0.0000
 C1           6.0    0.7842   -1.2725   0.3763   0.0000
 N            7.0   -0.5967    0.0000   0.9570   0.0000
 C1           6.0    0.8543    1.1644   0.2904   0.0000
 C1           6.0   -0.5619    1.1210  -1.1308   0.0000
 C1           6.0    0.2385   -0.0943  -1.7154   0.0000
 O1           8.0   -0.5232   -2.2553   1.0239   0.0000
 N            7.0   -0.9374    2.2907   0.9616   0.0000
 H            1.0    0.4862    3.1657   0.4822   0.0000
 H            1.0    0.4856    2.3252   1.9592   0.0000
 H            1.0    0.2609    2.0235  -1.7059   0.0000
 H            1.0    0.1811   -0.2086  -2.7821   0.0000
 H            1.0    0.4037   -2.1292  -1.4530   0.0000
 H            1.0    0.4196   -0.0213   1.9586   0.0000

