H 52.09488528 27.41706501 4.96749521988528
D 52.98111855 29.48111855 4.96797323135755
O 59.55305927 38.46701721 5.23709369024857
F 18.85994264 37.91586998 5.4359464627151
Cl 29.08197897 39.45697897 5.21988527724665
Br 26.74091778 41.80497132 4.96797323135755
I 25.48279159 43.18355641 4.96797323135755
S 66.63718929 40.08389101 5.657982791587
Se 54.2710325 42.20363289 4.97609942638623
Te 47.01959847 43.64961759 4.96797323135755
Po 35.13097514 45.12691205 4.97131931166348
N 112.9789675 36.61567878 4.96797323135755
P 75.10755258 38.94120459 5.69789674952199
As 72.29923518 41.61089866 4.96797323135755
Sb 62.69120459 43.05927342 4.9689292543021
Bi 49.49808795 44.67017208 4.96797323135755
C 171.6978967 37.76099426 4.98040152963671
Si 88.04971319 40.1290631 5.31811663479924
Ge 78.43929254 40.10587954 7.34488527724665
Sn 71.94072658 40.24498088 5.08102294455067
Pb 46.34321224 41.89053537 4.96797323135755
Ga 66.20458891 40.39196941 6.06118546845124
In 58.1500956 41.51529637 4.98087954110899
Tl 43.54684512 43.22418738 4.96797323135755
Zn 31.24521989 38.45124283 4.96797323135755
Cd 26.7710325 40.09225621 4.96797323135755
Hg 14.65511472 41.79015296 4.96797323135755
Cu 80.78393881 39.79923518 4.96797323135755
Ag 68.04254302 41.34082218 4.96797323135755
Au 87.47609943 43.11424474 4.96797323135755
Ni 101.6108987 43.59225621 5.58293499043977
Pd 90.39196941 39.92590822 4.96797323135755
Pt 135.1099426 45.98613767 6.10205544933078
Co 104.9235182 42.88001912 5.5019120458891
Rh 133.1022945 44.40917782 5.02198852772467
Ir 159.0105163 46.26625239 4.96797323135755
Fe 99.49808795 43.11209369 6.13695028680688
Ru 153.6089866 44.57624283 5.14388145315487
Os 189.0535373 46.02605163 4.96797323135755
Mn 67.08891013 41.51529637 4.9689292543021
Tc 9.249521989 2.461759082 4.9689292543021
Re 184.0105163 45.13145315 4.96797323135755
Cr 95.00478011 41.68021033 4.9689292543021
Mo 157.289675 43.48709369 4.96797323135755
W 204.7999522 41.54875717 5.09297323135755
V 123.207457 43.54684512 6.217017208413
Nb 173.4942639 44.51625239 7.20793499043977
Ta 186.9024857 44.26720841 4.98494263862333
Ti 95.00478011 43.06883365 5.83891013384321
Zr 145.5066922 43.34608031 6.36950286806883
Hf 147.9923518 44.69216061 4.97203632887189
Sc 91.10898662 41.74952199 5.27963671128107
Y 100.6931166 42.89674952 6.18068833652008
La 103.0114723 43.58914914 5.43809751434034
Ac 97.03632887 44.95697897 4.98087954110899
Ce 100.4063098 45.833174 5.51505736137667
Pr 85.30114723 45.36520076 5.10492351816444
Nd 78.13097514 45.26912046 5.28011472275335
Pm 76.00382409 44.71821224 5.79708413001912
Sm 49.40248566 43.74808795 7.25501912045889
Eu 42.39961759 45.12308795 4.96797323135755
Gd 95.00478011 46.44216061 6.58389101338432
Tb 92.90152964 72.55736138 5.86998087954111
Dy 69.40726577 46.9956979 4.9689292543021
Ho 71.84512428 46.74713193 4.9689292543021
Er 74.5458891 46.74713193 4.9689292543021
Tm 55.49713193 45.43809751 4.96797323135755
Yb 37.18929254 41.37810707 4.96797323135755
Lu 102.1988528 44.16826004 4.98589866156788
Th 142.710325 45.4206501 4.9689292543021
Pa 145.0764818 47.29923518 5.48040152963671
U 127.0076482 47.72944551 5.66300191204589
Np 111.0898662 28.10946463 4.97131931166348
Pu 82.50478011 42.32791587 4.97131931166348
B 134.4885277 36.64913958 4.97108030592734
Al 78.8001912 39.30210325 5.10994263862333
Be 77.50956023 32.54302103 4.96797323135755
Mg 35.15774379 35.5126673 4.96797323135755
Ca 42.59082218 37.01816444 4.96797323135755
Sr 39.29254302 39.31883365 4.96797323135755
Ba 43.0210325 40.66300191 4.96797323135755
Ra 38.00191205 42.15105163 4.9689292543021
Li 38.41061185 33.14292543 4.96797323135755
Na 25.73613767 36.71367113 4.96797323135755
K 21.30975143 38.28871893 4.96797323135755
Rb 20.50908222 40.62858509 4.96797323135755
Cs 18.82887189 41.94311663 4.96797323135755
He 0 30.15057361 4.96797323135755
Ne 0 34.97323136 4.96797323135755
Ar 0 37.0083652 4.96797323135755
Kr 0 39.43164436 4.96797323135755
Xe 0 40.55521033 4.96797323135755
Rn 0 42.11520076 4.96797323135755
Am 67.90152964 46.46271511 4.97131931166348
Cm 92.59082218 47.08413002 4.97131931166348
[H] 52.09488528 27.41706501 4.96749521988528
[D] 52.98111855 29.48111855 4.96797323135755
[O] 59.55305927 38.46701721 5.23709369024857
[F] 18.85994264 37.91586998 5.4359464627151
[Cl] 29.08197897 39.45697897 5.21988527724665
[Br] 26.74091778 41.80497132 4.96797323135755
[I] 25.48279159 43.18355641 4.96797323135755
[S] 66.63718929 40.08389101 5.657982791587
[Se] 54.2710325 42.20363289 4.97609942638623
[Te] 47.01959847 43.64961759 4.96797323135755
[Po] 35.13097514 45.12691205 4.97131931166348
[N] 112.9789675 36.61567878 4.96797323135755
[P] 75.10755258 38.94120459 5.69789674952199
[As] 72.29923518 41.61089866 4.96797323135755
[Sb] 62.69120459 43.05927342 4.9689292543021
[Bi] 49.49808795 44.67017208 4.96797323135755
[C] 171.6978967 37.76099426 4.98040152963671
[Si] 88.04971319 40.1290631 5.31811663479924
[Ge] 78.43929254 40.10587954 7.34488527724665
[Sn] 71.94072658 40.24498088 5.08102294455067
[Pb] 46.34321224 41.89053537 4.96797323135755
[Ga] 66.20458891 40.39196941 6.06118546845124
[In] 58.1500956 41.51529637 4.98087954110899
[Tl] 43.54684512 43.22418738 4.96797323135755
[Zn] 31.24521989 38.45124283 4.96797323135755
[Cd] 26.7710325 40.09225621 4.96797323135755
[Hg] 14.65511472 41.79015296 4.96797323135755
[Cu] 80.78393881 39.79923518 4.96797323135755
[Ag] 68.04254302 41.34082218 4.96797323135755
[Au] 87.47609943 43.11424474 4.96797323135755
[Ni] 101.6108987 43.59225621 5.58293499043977
[Pd] 90.39196941 39.92590822 4.96797323135755
[Pt] 135.1099426 45.98613767 6.10205544933078
[Co] 104.9235182 42.88001912 5.5019120458891
[Rh] 133.1022945 44.40917782 5.02198852772467
[Ir] 159.0105163 46.26625239 4.96797323135755
[Fe] 99.49808795 43.11209369 6.13695028680688
[Ru] 153.6089866 44.57624283 5.14388145315487
[Os] 189.0535373 46.02605163 4.96797323135755
[Mn] 67.08891013 41.51529637 4.9689292543021
[Tc] 9.249521989 2.461759082 4.9689292543021
[Re] 184.0105163 45.13145315 4.96797323135755
[Cr] 95.00478011 41.68021033 4.9689292543021
[Mo] 157.289675 43.48709369 4.96797323135755
[W] 204.7999522 41.54875717 5.09297323135755
[V] 123.207457 43.54684512 6.217017208413
[Nb] 173.4942639 44.51625239 7.20793499043977
[Ta] 186.9024857 44.26720841 4.98494263862333
[Ti] 95.00478011 43.06883365 5.83891013384321
[Zr] 145.5066922 43.34608031 6.36950286806883
[Hf] 147.9923518 44.69216061 4.97203632887189
[Sc] 91.10898662 41.74952199 5.27963671128107
[Y] 100.6931166 42.89674952 6.18068833652008
[La] 103.0114723 43.58914914 5.43809751434034
[Ac] 97.03632887 44.95697897 4.98087954110899
[Ce] 100.4063098 45.833174 5.51505736137667
[Pr] 85.30114723 45.36520076 5.10492351816444
[Nd] 78.13097514 45.26912046 5.28011472275335
[Pm] 76.00382409 44.71821224 5.79708413001912
[Sm] 49.40248566 43.74808795 7.25501912045889
[Eu] 42.39961759 45.12308795 4.96797323135755
[Gd] 95.00478011 46.44216061 6.58389101338432
[Tb] 92.90152964 72.55736138 5.86998087954111
[Dy] 69.40726577 46.9956979 4.9689292543021
[Ho] 71.84512428 46.74713193 4.9689292543021
[Er] 74.5458891 46.74713193 4.9689292543021
[Tm] 55.49713193 45.43809751 4.96797323135755
[Yb] 37.18929254 41.37810707 4.96797323135755
[Lu] 102.1988528 44.16826004 4.98589866156788
[Th] 142.710325 45.4206501 4.9689292543021
[Pa] 145.0764818 47.29923518 5.48040152963671
[U] 127.0076482 47.72944551 5.66300191204589
[Np] 111.0898662 28.10946463 4.97131931166348
[Pu] 82.50478011 42.32791587 4.97131931166348
[B] 134.4885277 36.64913958 4.97108030592734
[Al] 78.8001912 39.30210325 5.10994263862333
[Be] 77.50956023 32.54302103 4.96797323135755
[Mg] 35.15774379 35.5126673 4.96797323135755
[Ca] 42.59082218 37.01816444 4.96797323135755
[Sr] 39.29254302 39.31883365 4.96797323135755
[Ba] 43.0210325 40.66300191 4.96797323135755
[Ra] 38.00191205 42.15105163 4.9689292543021
[Li] 38.41061185 33.14292543 4.96797323135755
[Na] 25.73613767 36.71367113 4.96797323135755
[K] 21.30975143 38.28871893 4.96797323135755
[Rb] 20.50908222 40.62858509 4.96797323135755
[Cs] 18.82887189 41.94311663 4.96797323135755
[He] 0 30.15057361 4.96797323135755
[Ne] 0 34.97323136 4.96797323135755
[Ar] 0 37.0083652 4.96797323135755
[Kr] 0 39.43164436 4.96797323135755
[Xe] 0 40.55521033 4.96797323135755
[Rn] 0 42.11520076 4.96797323135755
[Am] 67.90152964 46.46271511 4.97131931166348
[Cm] 92.59082218 47.08413002 4.97131931166348
