16

 C                 -2.74506732    0.72025051   -0.03593490
 H                 -2.38839448    1.22464870    0.83771660
 H                 -3.81506732    0.72026370   -0.03593490
 C                 -2.23175160   -0.73168164   -0.03593490
 H                 -2.58842406   -1.23607970    0.83771684
 H                 -2.58842489   -1.23608053   -0.90958582
 C                 -0.69175160   -0.73169984   -0.03593613
 H                 -0.33509718   -1.74050985   -0.03593339
 H                 -0.33507808   -0.22729874    0.83771341
 C                 -0.17841395   -0.23511833   -1.40030092
 H                  0.80501554   -0.35462554   -1.53010327
 H                 -0.83513938   -0.20615007   -2.11398120
 O                 -0.94516458    1.45403144   -0.57144449
 H                 -1.22828498    1.66097319   -1.50793685
 O                 -2.14505693    1.56877083   -1.50562902
 H                 -2.94412622    1.99596452   -1.52453472
